35000.000 0.000 -35000.000 0.000 0.000 0.000
0.000 0.000 0.000 0.000 0.000 0.000
-35000.000 0.000 52920.000 13440.000 -17920.000 -13440.000
0.000 0.000 13440.000 10080.000 -13440.000 -10080.000
0.000 0.000 -17920.000 -13440.000 17920.000 13440.000
0.000 0.000 -13440.000 -10080.000 13440.000 10080.000
