2028.067 -188.175 -1611.111 0.000 -68.956 -275.825 -348.000 464.000
-188.175 1721.966 0.000 0.000 -275.825 -1103.299 464.000 -618.667
-1611.111 0.000 2028.067 188.175 -348.000 -464.000 -68.956 275.825
0.000 0.000 188.175 1721.966 -464.000 -618.667 275.825 -1103.299
-68.956 -275.825 -348.000 -464.000 416.956 739.825 0.000 0.000
-275.825 -1103.299 -464.000 -618.667 739.825 1721.966 0.000 0.000
-348.000 464.000 -68.956 275.825 0.000 0.000 416.956 -739.825
464.000 -618.667 275.825 -1103.299 0.000 0.000 -739.825 1721.966
